('returns', [769.51912951409349, 687.96779994509131, 1731.5093801657033, 756.14058095080054, 660.79262583315074, 780.09857536069615, 898.57964261315306, 1052.7249758507917, 1108.0604186583248, 728.33300859417307, 933.77694295046581, 572.2443712741574, 977.57633736398725, 1620.3558718365859, 763.96716905166795, 598.48563126816168, 3245.3053076100628, 774.64817923765611, 972.04417392772234, 942.37253924892821])
('mean return', 1028.7251330627687)
('std of return', 586.36303832522617)


('returns', [6657.470883312194, 1253.6724062039152, 1891.710930078955, 2669.7646298014079, 2324.5655707835826, 5824.6305413465407, 2661.7655221666764, 3284.6758944127482, 2240.3317442795574, 955.59228265194372, 10328.317111188035, 1222.787378337378, 457.353815816044, 10141.439519607364, 2728.0813266913756, 2855.9959745152455, 1658.9080710634169, 8572.5126337761212, 1675.5869857750745, 1853.4014479221958])
('mean return', 3562.9282334864888)
('std of return', 2959.3582459575514)



